15 15
 0 -1  2 -1  4  4 -1 -1 -1 -1  4  3 -1 -1  3
 2 -1 -1 -1 -1 -1 -1  6 -1  6 -1 -1  3 -1 -1
-1  4 -1 -1  3 -1  4 -1 -1  3 -1  3  5  5  4
-1 -1  4  1 -1 -1  7  6  3  2  3  5  6 -1 -1
-1  3 -1 -1  4  4 -1 -1  5  4 -1 -1  6  6 -1
-1  3  5  2 -1 -1  6  6 -1 -1 -1  6 -1 -1  4
-1 -1 -1 -1  3  2 -1 -1 -1  8 -1 -1  4 -1 -1
-1  7  6 -1 -1 -1  2  5  5 -1  4 -1  7 -1  4
-1 -1 -1 -1  1 -1  2 -1 -1  5 -1  5 -1  5 -1
 3 -1 -1 -1 -1  4  4  6 -1  3  3 -1  5 -1  3
-1 -1  3 -1 -1  4 -1  6  6 -1  4  4 -1  4 -1
-1  5 -1  7 -1  5 -1  4 -1 -1 -1  5 -1 -1  3
 2 -1  5 -1  4  3 -1  2 -1 -1  4 -1  5  4 -1
-1 -1 -1 -1 -1 -1  1  2 -1 -1 -1  3 -1  3 -1
 2 -1  3  3  3 -1 -1 -1  2  2  1  0  0  2 -1