-1 5 -1 -1 -1 3 -1 3 -1 -1 1 2 -1 4 2
6 -1 5 4 -1 5 -1 6 -1 5 -1 -1 3 4 -1
-1 6 4 5 5 7 -1 -1 4 5 -1 -1 5 6 -1
4 5 2 -1 3 6 6 8 5 -1 4 -1 5 -1 -1
-1 -1 -1 -1 2 -1 4 6 5 -1 -1 -1 6 5 3
-1 6 -1 -1 -1 5 -1 5 -1 -1 -1 -1 5 -1 1
-1 -1 5 -1 -1 4 4 3 -1 -1 -1 6 5 5 3
4 5 3 -1 4 -1 6 5 -1 -1 5 6 -1 6 -1
4 4 -1 -1 5 5 6 -1  5 4 -1 -1 5 -1 -1
2 2 2 -1 -1 -1 -1 -1 5 -1 3 -1 -1 -1 4
3 -1 5 -1 7 -1 -1 -1 -1 6 4 5 4 -1 3
2 -1 5 5 -1 5 -1 -1 -1 -1 7 7 4 -1 1
-1 -1 7 6 7 6 -1 -1 4 5 -1 -1 6 -1 3
-1 5 7 5 -1 -1 5 -1 -1 5 -1 5 4 3 -1
2 4 -1 4 4 5 -1 -1 -1 3 -1 3 -1 -1 -1